------------------------
------ ELO ladder ------
------------------------
Vojta2: 1265.5451157534
Marta: 1232.8557731588087
Roman: 1230.3030506277419
Krystof: 1219.6865120080308
Panek: 1217.6295881934543
-_-: 1201.2388215393926
Vojta1: 1198.8404937607093
Vanan: 1193.7117879770285
Klizka: 1184.1738336822375
Filip: 1165.9700818290978
Marek: 1153.689630358561
Vdolek: 1136.4943376354122
------------------------
--- Trueskill ladder ---
------------------------
Vojta2: 15.360293871603224 (mu = 31.15119093808782, sigma = 5.263632355494865)
Krystof: 11.531655515277496 (mu = 29.16823435109478, sigma = 5.878859611939095)
Marta: 11.19532792300517 (mu = 28.000762125637024, sigma = 5.601811400877285)
Vanan: 10.320468941047924 (mu = 26.864104534926362, sigma = 5.514545197959479)
Roman: 9.52549224864089 (mu = 29.592871128744772, sigma = 6.689126293367961)
Panek: 8.762643503503643 (mu = 28.665082108695973, sigma = 6.634146201730776)
Vojta1: 5.053212518449406 (mu = 24.31291842279489, sigma = 6.419901968115162)
-_-: 3.833620263516572 (mu = 26.29827314873401, sigma = 7.488217628405812)
Klizka: 0.8075980567002965 (mu = 22.640905305677233, sigma = 7.277769082992313)
Marek: -0.5246886562951119 (mu = 19.483675371451103, sigma = 6.6694546759154045)
Filip: -1.638438564022863 (mu = 18.428940316081018, sigma = 6.689126293367961)
Vdolek: -3.277241121479131 (mu = 15.982464782866353, sigma = 6.419901968115162)

