------------------------
------ ELO ladder ------
------------------------
Vojta2: 1304.0109388658304
Vanan: 1238.6572596785415
Michal: 1227.897944135177
Panek: 1217.6295881934543
Roman: 1212.8310082270516
Krystof: 1205.0698870241526
-_-: 1201.2388215393926
Marta: 1188.3360307292626
Klizka: 1184.1738336822375
Vojta1: 1172.6995066212132
Filip: 1157.6235165258315
Marek: 1153.689630358561
Vdolek: 1136.4943376354122
------------------------
--- Trueskill ladder ---
------------------------
Vojta2: 19.116023460032718 (mu = 32.580081840420306, sigma = 4.488019460129196)
Vanan: 15.193385476061657 (mu = 29.102524392405915, sigma = 4.63637963878142)
Krystof: 12.72421847004724 (mu = 27.92677571307118, sigma = 5.06751908100798)
Marta: 11.629437499946244 (mu = 25.68859303132903, sigma = 4.686385177127596)
Panek: 8.762643503503643 (mu = 28.665082108695973, sigma = 6.634146201730776)
Roman: 8.704830481678815 (mu = 26.693236808633248, sigma = 5.996135442318144)
Vojta1: 7.237216779203099 (mu = 23.769670314384644, sigma = 5.510817845060515)
Michal: 6.78680211919492 (mu = 26.34911065982252, sigma = 6.520769513542533)
-_-: 3.833620263516572 (mu = 26.29827314873401, sigma = 7.488217628405812)
Filip: 3.396628742616315 (mu = 20.257381524197807, sigma = 5.620250927193831)
Klizka: 0.8075980567002965 (mu = 22.640905305677233, sigma = 7.277769082992313)
Marek: -0.5246886562951119 (mu = 19.483675371451103, sigma = 6.6694546759154045)
Vdolek: -3.277241121479131 (mu = 15.982464782866353, sigma = 6.419901968115162)

