------------------------
------ ELO ladder ------
------------------------
Vojta2: 1368.9160016931469
Vanan: 1236.6896052760956
Michal: 1227.897944135177
Panek: 1217.6295881934543
Roman: 1211.4754968555878
-_-: 1201.2388215393926
Krystof: 1189.8357958990462
Klizka: 1184.1738336822375
Vojta1: 1175.1088400421304
Marta: 1174.5585611999609
Filip: 1148.8021103808571
Marek: 1142.6556784280565
Vdolek: 1122.167312467186
------------------------
--- Trueskill ladder ---
------------------------
Vojta2: 23.122389147747096 (mu = 35.45556361165448, sigma = 4.111058154635796)
Vanan: 15.464021178937479 (mu = 28.84616057812559, sigma = 4.460713133062704)
Krystof: 13.505641242673768 (mu = 27.11547779969289, sigma = 4.53661218567304)
Marta: 11.443812669490367 (mu = 24.678224942226574, sigma = 4.411470757578736)
Roman: 9.383841875338117 (mu = 26.24118232975644, sigma = 5.619113484806108)
Panek: 8.762643503503643 (mu = 28.665082108695973, sigma = 6.634146201730776)
Vojta1: 8.492941539850062 (mu = 24.143922715722063, sigma = 5.216993725290667)
Michal: 6.78680211919492 (mu = 26.34911065982252, sigma = 6.520769513542533)
Filip: 5.117687770035737 (mu = 19.858355684788936, sigma = 4.9135559715844)
-_-: 3.833620263516572 (mu = 26.29827314873401, sigma = 7.488217628405812)
Marek: 1.6691477385915832 (mu = 19.403963842422133, sigma = 5.911605367943516)
Klizka: 0.8075980567002965 (mu = 22.640905305677233, sigma = 7.277769082992313)
Vdolek: -3.0750045043558103 (mu = 14.14282073993617, sigma = 5.739275081430661)

