------------------------
------ ELO ladder ------
------------------------
Vojta2: 1278.7130165319586
Krystof: 1236.9746555971487
Panek: 1217.6295881934543
Marta: 1215.3511699525968
Roman: 1212.8310082270516
Vanan: 1211.3374019893372
-_-: 1201.2388215393926
Vojta1: 1198.8404937607093
Klizka: 1184.1738336822375
Marek: 1153.689630358561
Filip: 1152.8768816338327
Vdolek: 1136.4943376354122
------------------------
--- Trueskill ladder ---
------------------------
Vojta2: 16.060213608175303 (mu = 30.823171405550713, sigma = 4.92098593245847)
Krystof: 15.218368005228683 (mu = 31.430559996266602, sigma = 5.40406399701264)
Vanan: 13.498894505844362 (mu = 28.862866600081965, sigma = 5.121324031412534)
Marta: 10.370378347878301 (mu = 25.940205597310744, sigma = 5.189942416477481)
Panek: 8.762643503503643 (mu = 28.665082108695973, sigma = 6.634146201730776)
Roman: 8.704830481678815 (mu = 26.693236808633248, sigma = 5.996135442318144)
Vojta1: 5.053212518449406 (mu = 24.31291842279489, sigma = 6.419901968115162)
-_-: 3.833620263516572 (mu = 26.29827314873401, sigma = 7.488217628405812)
Filip: 0.9214163608496868 (mu = 18.90982268780412, sigma = 5.996135442318144)
Klizka: 0.8075980567002965 (mu = 22.640905305677233, sigma = 7.277769082992313)
Marek: -0.5246886562951119 (mu = 19.483675371451103, sigma = 6.6694546759154045)
Vdolek: -3.277241121479131 (mu = 15.982464782866353, sigma = 6.419901968115162)

