------------------------
------ ELO ladder ------
------------------------
Vojta2: 1330.765270684541
Vanan: 1236.6896052760956
Michal: 1227.897944135177
Panek: 1217.6295881934543
Roman: 1211.4754968555878
Krystof: 1206.696580302842
-_-: 1201.2388215393926
Marta: 1188.3360307292626
Klizka: 1184.1738336822375
Vojta1: 1175.1088400421304
Marek: 1153.689630358561
Vdolek: 1136.4943376354122
Filip: 1130.2708779925833
------------------------
--- Trueskill ladder ---
------------------------
Vojta2: 20.70437990156117 (mu = 33.69038810446941, sigma = 4.3286694009694155)
Vanan: 15.464021178937479 (mu = 28.84616057812559, sigma = 4.460713133062704)
Krystof: 13.722487990837063 (mu = 28.237848749044478, sigma = 4.8384535860691384)
Marta: 11.629437499946244 (mu = 25.68859303132903, sigma = 4.686385177127596)
Roman: 9.383841875338117 (mu = 26.24118232975644, sigma = 5.619113484806108)
Panek: 8.762643503503643 (mu = 28.665082108695973, sigma = 6.634146201730776)
Vojta1: 8.492941539850062 (mu = 24.143922715722063, sigma = 5.216993725290667)
Michal: 6.78680211919492 (mu = 26.34911065982252, sigma = 6.520769513542533)
-_-: 3.833620263516572 (mu = 26.29827314873401, sigma = 7.488217628405812)
Filip: 2.606191908071237 (mu = 18.532651553055995, sigma = 5.308819881661586)
Klizka: 0.8075980567002965 (mu = 22.640905305677233, sigma = 7.277769082992313)
Marek: -0.5246886562951119 (mu = 19.483675371451103, sigma = 6.6694546759154045)
Vdolek: -3.277241121479131 (mu = 15.982464782866353, sigma = 6.419901968115162)

