------------------------
------ ELO ladder ------
------------------------
Vojta2: 1274.2323014551944
Marta: 1233.7799150121998
Krystof: 1216.4113631511364
Panek: 1214.9659827997189
-_-: 1201.2388215393926
Vojta1: 1198.8404937607093
Vanan: 1186.2276891114766
Klizka: 1184.1738336822375
Marek: 1153.689630358561
Vdolek: 1136.4943376354122
------------------------
--- Trueskill ladder ---
------------------------
Vojta2: 15.742786439174434 (mu = 33.490816676959554, sigma = 5.9160100792617065)
Marta: 9.681959712670345 (mu = 28.94166561701583, sigma = 6.419901968115162)
Krystof: 8.522205744570709 (mu = 27.474941529879914, sigma = 6.317578595103068)
Panek: 5.418390051672613 (mu = 27.25169730064955, sigma = 7.277769082992313)
Vanan: 5.415607665714468 (mu = 24.27583995512137, sigma = 6.286744096468967)
Vojta1: 5.053212518449406 (mu = 24.31291842279489, sigma = 6.419901968115162)
-_-: 3.833620263516572 (mu = 26.29827314873401, sigma = 7.488217628405812)
Klizka: 0.8075980567002965 (mu = 22.640905305677233, sigma = 7.277769082992313)
Marek: -0.5246886562951119 (mu = 19.483675371451103, sigma = 6.6694546759154045)
Vdolek: -3.277241121479131 (mu = 15.982464782866353, sigma = 6.419901968115162)

