-----------------------------------
----------- ELO ladder ------------
-----------------------------------
Vojta2: 1328.71195782018
Vanan: 1272.0407533341966
Michal: 1227.897944135177
Panek: 1217.6295881934543
Roman: 1211.4754968555878
-_-: 1201.2388215393926
Skleny: 1200.5592653959386
Krystof: 1190.7766221558386
Filip: 1186.8152667060642
Klizka: 1184.1738336822375
Marta: 1174.5585611999609
Marek: 1142.6556784280565
Vojta1: 1140.5967682260869
Vdolek: 1122.167312467186
-------------------------------------
--------- Trueskill ladder ----------
-------------------------------------
Vojta2: 21.04344677415616 (μ = 32.80768548650882, σ = 3.921412904117552)
Vanan: 19.29388811052649 (μ = 31.950685411559498, σ = 4.2189324336776695)
Krystof: 14.029223146671498 (μ = 26.87651585117876, σ = 4.28243090150242)
Marta: 11.443812669490367 (μ = 24.678224942226574, σ = 4.411470757578736)
Filip: 9.82779543935373 (μ = 23.603145813846115, σ = 4.591783458164128)
Roman: 9.383841875338117 (μ = 26.24118232975644, σ = 5.619113484806108)
Panek: 8.762643503503643 (μ = 28.665082108695973, σ = 6.634146201730776)
Michal: 6.78680211919492 (μ = 26.34911065982252, σ = 6.520769513542533)
Skleny: 5.943094296674541 (μ = 26.526237540613707, σ = 6.861047747979722)
Vojta1: 5.4405226031685245 (μ = 19.940261818428446, σ = 4.833246405086641)
-_-: 3.833620263516572 (μ = 26.29827314873401, σ = 7.488217628405812)
Marek: 1.6691477385915832 (μ = 19.403963842422133, σ = 5.911605367943516)
Klizka: 0.8075980567002965 (μ = 22.640905305677233, σ = 7.277769082992313)
Vdolek: -3.0750045043558103 (μ = 14.14282073993617, σ = 5.739275081430661)
-------------------------------------
--- Maximum-likelihood estimation ---
-------------------------------------
-_-: 0.999
Vojta2: 0.999
Vanan: 0.695811883792292
Panek: 0.3440978500746965
Michal: 0.3071081945935395
Skleny: 0.30469247523742804
Filip: 0.001
Roman: 0.001
Klizka: 0.001
Marek: 0.001
Marta: 0.001
Vdolek: 0.001
Krystof: 0.001
Vojta1: 0.001

