------------------------
------ ELO ladder ------
------------------------
Vojta2: 1270.14895170281
Roman: 1233.965091332694
Panek: 1217.6295881934543
Krystof: 1216.4113631511364
-_-: 1201.2388215393926
Marta: 1199.8851806604305
Vojta1: 1198.8404937607093
Filip: 1197.9279402233021
Vanan: 1189.7045950406466
Klizka: 1184.1738336822375
Marek: 1153.689630358561
Vdolek: 1136.4943376354122
------------------------
--- Trueskill ladder ---
------------------------
Vojta2: 15.795720421014664 (mu = 32.491750591311565, sigma = 5.565343390098967)
Roman: 9.685805868725478 (mu = 31.82838015762754, sigma = 7.3808580963006865)
Panek: 8.762643503503643 (mu = 28.665082108695973, sigma = 6.634146201730776)
Krystof: 8.522205744570709 (mu = 27.474941529879914, sigma = 6.317578595103068)
Vanan: 7.783522654662558 (mu = 25.38550525431653, sigma = 5.867327533217991)
Marta: 6.846954417678663 (mu = 24.768494839958315, sigma = 5.9738468074265505)
Vojta1: 5.053212518449406 (mu = 24.31291842279489, sigma = 6.419901968115162)
-_-: 3.833620263516572 (mu = 26.29827314873401, sigma = 7.488217628405812)
Filip: 1.1226074443104181 (mu = 23.26518173321248, sigma = 7.3808580963006865)
Klizka: 0.8075980567002965 (mu = 22.640905305677233, sigma = 7.277769082992313)
Marek: -0.5246886562951119 (mu = 19.483675371451103, sigma = 6.6694546759154045)
Vdolek: -3.277241121479131 (mu = 15.982464782866353, sigma = 6.419901968115162)

