------------------------
------ ELO ladder ------
------------------------
Vojta2: 1273.7324389231676
Vanan: 1243.125886027823
Krystof: 1236.9746555971487
Michal: 1232.084898052486
Panek: 1217.6295881934543
Roman: 1212.8310082270516
-_-: 1201.2388215393926
Klizka: 1184.1738336822375
Marta: 1183.3527986400832
Vojta1: 1167.276823759611
Filip: 1157.6235165258315
Marek: 1153.689630358561
Vdolek: 1136.4943376354122
------------------------
--- Trueskill ladder ---
------------------------
Vanan: 16.29099531264177 (mu = 30.948586473586147, sigma = 4.885863720314793)
Vojta2: 15.756585220043988 (mu = 29.89243422311629, sigma = 4.711949667690767)
Krystof: 15.218368005228683 (mu = 31.430559996266602, sigma = 5.40406399701264)
Marta: 8.964897360816975 (mu = 23.799780587745087, sigma = 4.944961075642704)
Panek: 8.762643503503643 (mu = 28.665082108695973, sigma = 6.634146201730776)
Roman: 8.704830481678815 (mu = 26.693236808633248, sigma = 5.996135442318144)
Michal: 8.228611096597835 (mu = 30.279235298835818, sigma = 7.350208067412661)
-_-: 3.833620263516572 (mu = 26.29827314873401, sigma = 7.488217628405812)
Filip: 3.396628742616315 (mu = 20.257381524197807, sigma = 5.620250927193831)
Vojta1: 3.204961476763785 (mu = 21.085657769911045, sigma = 5.960232097715753)
Klizka: 0.8075980567002965 (mu = 22.640905305677233, sigma = 7.277769082992313)
Marek: -0.5246886562951119 (mu = 19.483675371451103, sigma = 6.6694546759154045)
Vdolek: -3.277241121479131 (mu = 15.982464782866353, sigma = 6.419901968115162)

